grasp_offsets:

  psm1:

    grip:
      position:
        x: 0.008973019361495972
        y: -0.005215135216712952
        z: 0.005237608169473778
      orientation:
        roll: -1.5707963267948966
        pitch: 0.0
        yaw: 0.0

    tip:
      position:
        x: 0.012973019361495972
        y: -0.005215135216712952
        z: 0.003237169608473778
      orientation:
        roll: -1.5707963267948966
        pitch: 2.0943951023931953
        yaw: 0.0


  psm2:

    grip:
      position:
        x: 0.009973019361495972
        y: -0.005215135216712952
        z: 0.004237169608473778
      orientation:
        roll: -1.5707963267948966
        pitch: 0.0
        yaw: 0.0

    tip:
      position:
        x: -0.008973019361495972
        y: -0.005215135216712952
        z: 0.00237169608473778
      orientation:
        roll: -1.5707963267948966
        pitch: -1.0471975511965976
        yaw: 0.0